20 20
9 9 9 9 9 9 9 9 9 9 9 9 9 9 9 9 9 9 9 9
9 9 9 9 9 9 9 9 9 9 9 9 9 9 9 9 9 9 9 9
9 9 9 7 7 4 4 4 4 4 4 4 4 4 4 4 4 9 9 9
9 9 9 6 2 5 1 4 2 1 1 1 1 4 4 4 4 9 9 9
9 9 9 3 1 4 2 9 9 9 9 9 9 9 9 9 9 9 9 9
9 9 9 1 2 2 9 9 9 9 9 9 9 9 9 9 9 9 9 9
9 9 9 1 2 9 9 9 9 9 9 9 9 9 9 9 9 9 9 9
9 9 9 1 2 9 9 9 9 9 9 9 9 9 9 9 9 9 9 9
9 9 9 2 2 9 9 9 9 9 9 9 9 9 9 9 9 9 9 9
9 9 9 2 3 9 9 9 9 9 9 9 9 9 9 9 9 9 9 9
9 9 9 3 3 9 9 9 9 9 9 9 9 9 9 9 9 9 9 9
9 9 9 2 3 9 9 9 9 9 9 9 9 9 9 9 9 9 9 9
9 9 9 2 3 9 9 9 9 9 9 9 9 9 9 9 9 9 9 9
9 9 9 2 3 9 9 9 9 9 9 9 9 9 9 9 9 9 9 9
9 9 9 1 5 3 9 9 9 9 9 9 9 9 9 9 9 9 9 9
9 9 9 2 2 2 3 9 9 9 9 9 9 9 9 9 9 9 9 9
9 9 9 8 2 5 1 4 2 1 1 1 1 4 4 4 4 9 9 9
9 9 9 8 7 5 1 4 2 1 1 1 1 4 4 4 4 9 9 9
9 9 9 9 9 9 9 9 9 9 9 9 9 9 9 9 9 9 9 9
9 9 9 9 9 9 9 9 9 9 9 9 9 9 9 9 9 9 9 9
2 16
5
